line_seg(1).a = [1190 1189 1179 1170 1171 1172 1173 1161 1154 1155 1145 1138 1139 1131 1122 1123 1124 1125 1111 1106 1097 1092 1083 1078 1065 1058 1059 1047 1042 1033 1026 1027 1017 1012 1003 998 987 980 981 971 966 949 942 911 903 885 875 876 861 853 835 827 808 799 772 763 734 727 716 709 698 691 676 669 642 633 614 604 583 574 553 544 521 512 491 484 471 464 449 442 427 420 405 398 383 376 359 354 343 338 325 320 307 302 289 284 269 264 247 244 235 232 217 214 207 204 187 184 175 172 161 158 145 142 141 140 131 128 115 112 111 110 109 108 97 94 93 92 83 80 79 78 65 62 61 60 59 58 57 56 55 ];
line_seg(2).a = [599 598 580 567 568 550 539 540 518 507 488 479 480 468 459 446 435 436 424 415 416 402 393 380 367 368 358 353 342 335 336 324 319 306 299 300 288 283 268 261 262 246 243 234 229 230 216 213 206 201 202 186 181 182 174 169 170 160 155 156 144 139 130 125 126 114 105 106 96 91 82 75 76 64 55 ];
line_seg(3).a = [813 814 802 787 766 753 728 717 718 710 699 692 677 678 670 643 644 634 615 605 584 575 554 545 522 523 513 492 493 485 472 473 465 450 451 443 428 429 421 406 407 399 384 385 386 387 377 360 361 355 344 345 339 326 327 328 329 321 308 309 310 311 303 290 291 292 293 285 270 271 272 273 265 248 249 250 251 252 253 245 236 237 238 239 240 241 233 218 219 220 221 222 223 224 225 226 227 215 208 209 210 211 205 188 189 190 191 192 193 194 195 196 197 198 199 185 176 177 178 179 173 162 163 164 165 166 167 159 146 147 148 149 150 151 152 153 143 132 133 134 135 136 137 129 116 117 118 119 120 121 122 123 113 98 99 100 101 102 103 95 84 85 86 87 88 89 81 66 67 68 69 70 71 72 73 63 42 43 44 45 46 47 48 49 50 51 52 53 40 0 1 2 3 4 5 6 7 8 9 10 11 12 13 14 15 16 17 18 19 20 21 22 23 24 25 26 27 28 29 30 31 32 33 34 35 36 37 38 39 41 55 ];
line_seg(4).a = [628 629 611 599 ];
line_seg(5).a = [1715 1714 1713 1712 1729 1749 1748 1747 1746 1745 1744 1761 1780 1779 1778 1777 1760 1742 1728 1710 1697 1677 1661 1638 1626 1616 1604 1594 1584 1574 1560 1550 1538 1526 1527 1516 1506 1492 1482 1470 1460 1448 1434 1435 1422 1412 1400 1390 1374 1362 1363 1348 1336 1337 1328 1316 1317 1308 1286 1287 1276 1258 1259 1260 1261 1250 1232 1233 1234 1235 1251 1263 1277 1289 1290 1291 1292 1293 1294 1295 1296 1297 1278 1264 1265 1252 1236 1237 1224 1202 1203 1194 1185 1186 1178 1167 1168 1160 1151 1152 1144 1135 1136 1130 1117 1118 1119 1120 1110 1103 1104 1096 1089 1090 1082 1073 1074 1075 1076 1064 1053 1054 1055 1056 1046 1039 1040 1032 1023 1024 1016 1009 1010 1002 995 996 986 977 978 970 965 948 939 940 910 902 884 872 873 860 852 834 824 825 807 798 771 762 733 724 725 715 708 697 690 675 666 667 641 632 613 603 582 573 552 543 520 511 490 483 470 463 448 441 426 419 404 397 382 375 374 373 372 371 381 396 395 403 418 425 440 439 447 462 461 469 482 489 510 509 519 542 551 572 571 581 602 601 612 631 640 665 664 674 689 688 696 707 706 714 723 732 761 760 770 797 796 795 794 806 823 822 821 820 833 851 850 849 848 859 871 870 869 868 883 901 900 899 898 909 938 937 936 935 934 933 932 931 930 929 928 927 908 894 895 882 866 858 844 845 832 818 805 790 791 769 756 757 731 722 713 702 703 695 686 673 660 661 639 628 ];
line_seg(6).a = [2335 2334 2333 2332 2331 2330 2329 2328 2327 2326 2325 2324 2323 2322 2321 2320 2319 2318 2317 2316 2315 2314 2313 2312 2311 2310 2309 2308 2307 2306 2305 2304 2303 2302 2301 2300 2299 2298 2297 2296 2295 2294 2293 2292 2291 2290 2289 2288 2287 2286 2279 2270 2269 2268 2267 2266 2253 2244 2243 2242 2241 2240 2239 2238 2229 2218 2217 2216 2207 2199 2195 2187 2183 2161 2157 2147 2143 2135 2131 2125 2121 2103 2097 2079 2073 2061 2055 2023 2015 1981 1973 1951 1943 1921 1912 1889 1880 1859 1850 1825 1816 1795 1786 1765 1766 1755 1733 1723 1703 1704 1692 1666 1667 1655 1629 1621 1607 1608 1599 1587 1579 1563 1564 1555 1541 1542 1533 1519 1511 1495 1496 1487 1473 1474 1465 1451 1443 1425 1426 1417 1403 1404 1395 1377 1378 1369 1351 1345 1331 1332 1325 1311 1312 1305 1281 1282 1273 1255 1247 1227 1228 1221 1197 1198 1191 1180 1181 1175 1162 1163 1157 1146 1147 1141 1132 1127 1112 1113 1107 1098 1099 1093 1084 1085 1079 1066 1067 1068 1069 1061 1048 1049 1043 1034 1035 1029 1018 1019 1013 1004 1005 999 988 989 990 991 983 972 973 967 950 951 952 953 943 912 913 914 915 904 886 887 888 889 878 862 854 836 837 838 839 828 809 810 800 773 774 775 776 777 778 779 780 781 782 764 735 736 737 738 739 740 741 742 743 744 745 746 747 748 749 750 751 752 765 784 785 786 801 812 813 ];
line_seg(7).a = [1635 1634 1624 1614 1602 1592 1582 1572 1571 1570 1558 1548 1536 1524 1514 1504 1503 1502 1490 1480 1468 1458 1457 1456 1446 1432 1420 1410 1398 1388 1387 1386 1372 1360 1346 1334 1326 1314 1306 1284 1274 1256 1248 1230 1222 1200 1192 1183 1176 1165 1158 1149 1142 1133 1128 1115 1108 1101 1094 1087 1080 1071 1062 1051 1044 1037 1030 1021 1014 1007 1000 993 984 975 968 955 944 917 905 891 879 863 855 841 829 813 ];
line_seg(8).a = [1934 1935 1916 1901 1902 1884 1871 1854 1841 1842 1820 1809 1790 1775 1759 1741 1727 1709 1696 1676 1660 1637 1625 1615 1603 1593 1583 1573 1559 1549 1537 1525 1515 1505 1491 1481 1469 1459 1447 1433 1421 1411 1399 1389 1373 1361 1347 1335 1327 1315 1307 1285 1275 1257 1249 1231 1223 1201 1193 1184 1177 1166 1159 1150 1143 1134 1129 1116 1109 1102 1095 1088 1081 1072 1063 1052 1045 1038 1031 1022 1015 1008 1001 994 985 976 969 956 945 918 906 892 880 864 856 842 830 816 803 788 767 754 729 720 711 700 693 680 681 671 646 647 635 616 617 618 619 606 585 586 576 555 556 557 558 546 525 526 527 528 514 495 496 497 498 499 500 515 530 531 532 547 560 561 562 577 588 589 590 607 621 622 623 636 649 650 651 652 653 654 655 637 624 625 608 591 592 578 563 564 548 533 534 516 501 502 486 475 466 453 454 444 431 432 422 409 410 400 389 378 363 364 356 347 348 340 331 332 322 313 314 315 316 304 295 296 286 275 276 277 278 266 255 256 257 258 259 260 267 280 281 282 287 298 305 318 323 334 341 352 351 357 366 379 392 391 401 414 413 423 434 445 458 457 467 478 477 487 506 505 517 538 537 549 566 579 596 595 609 627 638 659 658 672 685 684 694 701 712 721 730 755 768 789 804 817 831 843 857 865 881 893 907 919 920 921 922 923 924 925 946 957 958 959 960 961 962 963 947 926 ];
line_seg(9).a = [2347 2346 2282 2277 2256 2251 2232 2227 2210 2206 2198 2194 2186 2182 2160 2156 2146 2142 2134 2130 2124 2120 2102 2096 2078 2072 2060 2054 2022 2014 1980 1972 1950 1942 1920 1911 1888 1879 1858 1849 1824 1815 1794 1785 1764 1754 1732 1722 1702 1691 1665 1654 1628 1620 1606 1598 1586 1578 1562 1554 1540 1532 1518 1510 1494 1486 1472 1464 1450 1442 1424 1416 1402 1394 1376 1368 1350 1344 1330 1324 1310 1304 1280 1272 1254 1246 1245 1244 1226 1220 1219 1218 1217 1216 1215 1214 1213 1212 1211 1210 1196 1190 ];
line_seg(10).a = [1674 1675 1659 1636 1635 ];
line_seg(11).a = [1674 1673 1658 1635 ];
line_seg(12).a = [1715 1716 1698 1678 1679 1680 ];
line_seg(13).a = [2654 2653 2652 2651 2650 2649 2648 2647 2646 2645 2644 2643 2642 2641 2640 2639 2638 2637 2636 2635 2634 2633 2632 2631 2606 2596 2595 2594 2574 2563 2562 2561 2526 2513 2512 2511 2478 2467 2466 2465 2420 2410 2409 2408 2382 2372 2371 2370 2352 2344 2281 2276 2255 2250 2231 2224 2225 2209 2203 2204 2197 2191 2192 2185 2165 2166 2167 2168 2169 2170 2171 2172 2173 2174 2175 2176 2177 2178 2179 2180 2159 2153 2154 2145 2141 2133 2129 2123 2119 2101 2095 2077 2071 2059 2053 2021 2013 1979 1971 1949 1941 1919 1910 1887 1876 1877 1857 1848 1823 1814 1793 1784 1763 1753 1731 1721 1701 1690 1664 1653 1652 1651 1663 1689 1688 1700 1720 1719 1730 1752 1751 1762 1783 1782 1792 1813 1812 1822 1847 1846 1856 1875 1874 1886 1909 1908 1907 1906 1918 1940 1939 1948 1970 1969 1978 2012 2011 2020 2052 2051 2050 2049 2058 2070 2069 2068 2067 2076 2094 2093 2092 2091 2090 2089 2088 2087 2100 2118 2117 2116 2115 2114 2113 2112 2111 2110 2109 2108 2107 2099 2085 2084 2083 2075 2065 2057 2047 2046 2045 2019 2009 1977 1967 1947 1937 1917 1904 1885 1872 1855 1844 1821 1810 1791 1776 ];
