line_seg(1).a = [596 597 597 ];
line_seg(2).a = [596 595 594 628 685 684 683 682 681 680 714 756 755 800 800 ];
line_seg(3).a = [596 552 535 553 553 ];
line_seg(4).a = [598 599 600 601 602 603 604 605 606 607 608 609 610 611 629 693 694 695 696 697 698 699 717 780 781 782 783 784 785 786 803 848 849 850 865 904 905 906 916 940 954 984 985 986 998 1016 1026 1050 1051 1052 1068 1090 1102 1124 1136 1162 1174 1198 1199 1200 1212 1232 1244 1268 1280 1300 1314 1334 1346 1385 1398 1446 1460 1530 1545 1588 1601 1601 ];
line_seg(5).a = [749 750 797 797 ];
line_seg(6).a = [749 748 747 746 745 744 710 668 667 666 665 664 663 662 661 660 659 658 657 656 655 654 653 652 651 709 742 741 740 739 738 737 796 828 827 826 825 824 823 822 821 858 886 885 884 883 882 881 880 879 912 931 930 950 977 976 975 974 973 972 994 1011 1010 1009 1008 1022 1039 1038 1062 1084 1098 1113 1112 1111 1110 1130 1151 1150 1149 1148 1168 1191 1190 1206 1223 1222 1238 1257 1256 1274 1291 1290 1308 1327 1326 1340 1359 1358 1391 1407 1406 1452 1477 1476 1538 1556 1555 1594 1611 1634 1651 1650 1673 1692 1691 1715 1729 1747 1766 1765 1798 1820 1819 1866 1892 1891 1942 1965 2000 2019 2032 2046 2045 2063 2083 2113 2129 2171 2187 2220 2239 2272 2289 2337 2357 2387 2407 2445 2467 2512 2533 2627 2651 2768 2797 2798 2799 2858 2883 2884 2885 3010 3035 3080 3108 3109 3081 3037 3082 3110 3111 3112 3113 3114 3115 3116 3117 3118 3119 3120 3121 3083 3039 3040 3041 3042 3043 3044 3011 2887 2888 2889 2890 2891 2892 2893 2894 2895 2895 ];
line_seg(7).a = [749 711 671 670 669 625 589 588 587 586 585 584 583 582 581 580 579 578 577 576 575 574 573 572 571 570 569 568 567 566 624 649 648 647 646 645 644 643 642 708 735 734 733 732 731 730 795 819 818 817 816 815 814 857 877 876 875 874 911 928 927 926 925 949 970 969 968 967 993 1006 1005 1021 1036 1035 1061 1082 1081 1080 1079 1097 1108 1107 1129 1146 1145 1144 1143 1167 1188 1187 1205 1220 1219 1237 1254 1253 1273 1289 1307 1324 1323 1339 1356 1355 1390 1404 1403 1451 1474 1473 1537 1553 1552 1593 1609 1608 1633 1649 1672 1689 1688 1714 1728 1746 1763 1762 1797 1817 1816 1865 1890 1941 1963 1962 1999 2017 2016 2031 2044 2062 2081 2080 2112 2128 2170 2186 2219 2237 2236 2271 2288 2336 2355 2354 2386 2406 2444 2465 2464 2511 2532 2626 2648 2765 2765 ];
line_seg(8).a = [832 833 834 835 836 798 752 753 712 673 674 626 590 548 528 508 476 475 474 473 472 471 470 469 468 467 466 465 464 463 462 461 460 459 458 457 456 418 404 403 402 401 417 454 453 452 451 450 449 448 447 446 445 444 443 442 441 440 439 438 437 436 435 434 433 432 431 430 429 507 526 525 524 523 522 521 520 519 518 517 547 564 563 562 561 623 641 707 728 706 640 639 638 637 705 726 725 724 723 794 812 811 856 872 871 910 923 922 921 920 948 965 964 963 962 992 1004 1020 1033 1032 1031 1030 1060 1077 1076 1096 1106 1128 1142 1166 1185 1184 1183 1182 1181 1180 1204 1218 1236 1251 1250 1272 1287 1286 1306 1321 1320 1338 1353 1352 1389 1402 1450 1471 1470 1469 1468 1467 1466 1536 1551 1592 1606 1605 1632 1647 1646 1645 1644 1671 1687 1713 1726 1725 1745 1760 1759 1796 1814 1813 1864 1888 1887 1886 1885 1940 1959 1960 1961 1998 2014 2013 2030 2043 2061 2078 2077 2111 2126 2125 2169 2185 2218 2235 2270 2286 2285 2335 2353 2385 2404 2403 2402 2401 2443 2463 2510 2531 2625 2646 2645 2764 2792 2855 2880 3007 3032 3077 3102 3152 3173 3212 3233 3265 3285 3327 3348 3393 3418 3471 3488 3487 3515 3533 3561 3579 3611 3637 3659 3682 3681 3715 3739 3773 3796 3795 3825 3846 3845 3879 3904 3903 3935 3959 3989 4011 4011 ];
line_seg(9).a = [832 831 830 859 888 888 ];
line_seg(10).a = [832 860 860 ];
line_seg(11).a = [840 841 842 843 844 801 759 760 761 762 763 764 765 766 715 688 689 690 691 692 716 767 768 769 770 771 772 773 774 775 776 777 778 779 802 845 846 847 864 899 900 901 902 903 915 937 938 939 953 981 982 983 997 1015 1025 1047 1048 1049 1067 1089 1101 1121 1122 1123 1135 1161 1173 1197 1211 1231 1243 1267 1279 1297 1298 1299 1313 1333 1345 1384 1397 1445 1459 1529 1544 1587 1600 1625 1626 1627 1627 ];
line_seg(12).a = [840 839 838 862 862 ];
line_seg(13).a = [840 863 897 897 ];
line_seg(14).a = [889 890 913 933 951 979 995 1013 1023 1041 1063 1085 1099 1115 1131 1153 1169 1193 1207 1225 1239 1260 1259 1275 1293 1309 1329 1341 1341 ];
line_seg(15).a = [892 893 894 895 895 ];
line_seg(16).a = [892 891 861 837 799 754 713 676 677 678 679 627 591 549 530 531 509 478 479 419 405 391 382 383 384 385 375 370 371 363 360 364 372 376 386 392 406 407 393 388 394 408 409 410 411 412 420 480 481 482 483 484 485 486 487 488 489 490 491 492 493 494 495 496 510 536 537 538 539 540 541 511 498 499 500 512 542 554 612 613 614 615 616 630 700 701 631 618 619 555 544 556 620 632 702 718 787 804 851 852 805 789 806 853 866 907 917 941 942 943 944 945 955 987 988 989 999 1017 1027 1053 1069 1091 1092 1070 1055 1071 1093 1103 1125 1137 1163 1175 1201 1213 1233 1245 1269 1281 1301 1315 1335 1347 1386 1399 1447 1461 1531 1532 1533 1546 1589 1602 1629 1641 1668 1680 1710 1722 1742 1754 1793 1808 1861 1880 1937 1956 1991 2008 2027 2040 2058 2072 2108 2122 2166 2180 2215 2230 2265 2282 2330 2331 2332 2350 2381 2380 2398 2438 2439 2440 2460 2507 2526 2622 2642 2761 2787 2852 2877 3004 3029 3074 3099 3149 3170 3209 3230 3259 3258 3282 3322 3323 3324 3345 3388 3415 3467 3466 3484 3512 3529 3555 3574 3600 3622 3650 3670 3706 3728 3768 3786 3816 3817 3818 3838 3870 3892 3926 3927 3928 3948 3982 4002 4035 4060 4090 4091 4092 4092 ];
line_seg(17).a = [892 914 935 934 952 980 996 1014 1024 1045 1044 1066 1088 1100 1120 1134 1159 1158 1172 1196 1210 1229 1228 1242 1266 1278 1296 1312 1332 1344 1382 1381 1380 1379 1396 1396 ];
line_seg(18).a = [1375 1376 1393 1430 1454 1482 1483 1484 1540 1567 1596 1615 1616 1617 1636 1654 1654 ];
line_seg(19).a = [1375 1374 1373 1372 1371 1370 1369 1368 1367 1366 1365 1364 1363 1362 1361 1392 1428 1427 1426 1425 1424 1423 1422 1421 1420 1419 1418 1417 1416 1415 1414 1413 1412 1411 1410 1409 1453 1480 1479 1539 1565 1564 1563 1562 1561 1560 1559 1558 1595 1613 1612 1635 1653 1674 1699 1698 1697 1696 1695 1694 1716 1730 1731 1732 1748 1768 1799 1822 1867 1894 1943 1966 1967 1968 1969 1944 1896 1897 1898 1945 1970 1971 1946 1899 1868 1824 1825 1826 1827 1828 1829 1830 1831 1832 1833 1800 1770 1771 1772 1773 1774 1775 1776 1777 1778 1779 1780 1781 1782 1801 1834 1869 1900 1947 1972 1973 1974 1975 1976 2001 2020 2033 2048 2064 2091 2090 2089 2088 2087 2086 2085 2084 2114 2149 2148 2147 2146 2145 2144 2143 2142 2141 2140 2139 2138 2137 2136 2135 2134 2133 2132 2131 2130 2172 2189 2188 2221 2240 2273 2293 2292 2291 2290 2338 2358 2388 2408 2446 2468 2513 2513 ];
line_seg(20).a = [1441 1442 1443 1444 1458 1500 1501 1502 1503 1504 1505 1506 1507 1508 1509 1510 1511 1512 1513 1514 1515 1516 1517 1518 1519 1520 1521 1522 1523 1524 1525 1526 1527 1528 1543 1576 1577 1578 1579 1580 1581 1582 1583 1584 1585 1586 1599 1624 1639 1665 1677 1705 1706 1707 1719 1737 1738 1739 1751 1788 1787 1804 1857 1876 1932 1931 1952 1986 1985 1984 1983 1982 1951 1930 1929 1928 1927 1926 1925 1924 1923 1922 1921 1920 1875 1856 1855 1854 1853 1852 1851 1850 1849 1848 1847 1874 1918 1873 1846 1845 1844 1843 1842 1841 1840 1839 1838 1837 1872 1916 1915 1914 1913 1912 1911 1910 1909 1908 1907 1906 1905 1904 1903 1950 1980 1979 2004 2023 2036 2053 2067 2095 2096 2097 2098 2099 2100 2101 2102 2103 2117 2153 2154 2155 2156 2157 2158 2159 2175 2200 2201 2202 2203 2204 2205 2206 2207 2208 2225 2257 2278 2322 2345 2373 2393 2426 2425 2455 2455 ];
line_seg(21).a = [1441 1440 1439 1438 1437 1457 1498 1497 1496 1495 1494 1493 1492 1491 1490 1490 ];
line_seg(22).a = [1489 1488 1456 1436 1435 1434 1395 1378 1343 1331 1311 1295 1277 1265 1241 1227 1209 1195 1171 1157 1133 1119 1118 1117 1116 1132 1155 1154 1170 1194 1208 1226 1240 1263 1262 1276 1294 1310 1330 1342 1377 1394 1432 1431 1455 1486 1485 1541 1571 1570 1569 1568 1597 1618 1637 1660 1659 1658 1657 1656 1656 ];
