line_seg(1).a = [55 56 57 58 59 60 61 62 65 78 79 80 83 92 93 94 97 108 109 110 111 112 115 128 131 140 141 142 145 158 161 172 175 184 187 204 207 214 217 232 235 244 247 264 269 284 289 302 307 320 325 338 343 354 359 376 383 398 405 420 427 442 449 464 471 484 491 512 521 544 553 574 583 604 614 633 642 669 676 691 698 709 716 727 734 763 772 799 808 827 835 853 861 876 875 885 903 911 942 949 966 971 981 980 987 998 1003 1012 1017 1027 1026 1033 1042 1047 1059 1058 1065 1078 1083 1092 1097 1106 1111 1125 1124 1123 1122 1131 1139 1138 1145 1155 1154 1161 1173 1172 1171 1170 1179 1190 ];
line_seg(2).a = [55 64 76 75 82 91 96 106 105 114 126 125 130 139 144 156 155 160 170 169 174 182 181 186 202 201 206 213 216 230 229 234 243 246 262 261 268 283 288 300 299 306 319 324 336 335 342 353 358 368 367 380 393 402 416 415 424 436 435 446 459 468 480 479 488 507 518 540 539 550 568 567 580 599 ];
line_seg(3).a = [55 41 39 38 37 36 35 34 33 32 31 30 29 28 27 26 25 24 23 22 21 20 19 18 17 16 15 14 13 12 11 10 9 8 7 6 5 4 3 2 1 0 40 53 52 51 50 49 48 47 46 45 44 43 42 63 73 72 71 70 69 68 67 66 81 89 88 87 86 85 84 95 103 102 101 100 99 98 113 123 122 121 120 119 118 117 116 129 137 136 135 134 133 132 143 153 152 151 150 149 148 147 146 159 167 166 165 164 163 162 173 179 178 177 176 185 199 198 197 196 195 194 193 192 191 190 189 188 205 211 210 209 208 215 227 226 225 224 223 222 221 220 219 218 233 241 240 239 238 237 236 245 253 252 251 250 249 248 265 273 272 271 270 285 293 292 291 290 303 311 310 309 308 321 329 328 327 326 339 345 344 355 361 360 377 387 386 385 384 399 407 406 421 429 428 443 451 450 465 473 472 485 493 492 513 523 522 545 554 575 584 605 615 634 644 643 670 678 677 692 699 710 718 717 728 753 766 787 802 814 813 ];
line_seg(4).a = [599 598 597 610 628 ];
line_seg(5).a = [599 611 629 628 ];
line_seg(6).a = [628 639 661 660 673 686 695 703 702 713 722 731 757 756 769 791 790 805 818 832 845 844 858 866 882 895 894 908 926 ];
line_seg(7).a = [813 812 801 786 785 784 765 752 751 750 749 748 747 746 745 744 743 742 741 740 739 738 737 736 735 764 782 781 780 779 778 777 776 775 774 773 800 810 809 828 839 838 837 836 854 862 878 889 888 887 886 904 915 914 913 912 943 953 952 951 950 967 973 972 983 991 990 989 988 999 1005 1004 1013 1019 1018 1029 1035 1034 1043 1049 1048 1061 1069 1068 1067 1066 1079 1085 1084 1093 1099 1098 1107 1113 1112 1127 1132 1141 1147 1146 1157 1163 1162 1175 1181 1180 1191 1198 1197 1221 1228 1227 1247 1255 1273 1282 1281 1305 1312 1311 1325 1332 1331 1345 1351 1369 1378 1377 1395 1404 1403 1417 1426 1425 1443 1451 1465 1474 1473 1487 1496 1495 1511 1519 1533 1542 1541 1555 1564 1563 1579 1587 1599 1608 1607 1621 1629 1655 1667 1666 1692 1704 1703 1723 1733 1755 1766 1765 1786 1795 1816 1825 1850 1859 1880 1889 1912 1921 1943 1951 1973 1981 2015 2023 2055 2061 2073 2079 2097 2103 2121 2125 2131 2135 2143 2147 2157 2161 2183 2187 2195 2199 2207 2215 ];
line_seg(8).a = [813 829 841 855 863 879 891 905 917 944 955 968 975 984 993 1000 1007 1014 1021 1030 1037 1044 1051 1062 1071 1080 1087 1094 1101 1108 1115 1128 1133 1142 1149 1158 1165 1176 1183 1192 1200 1222 1230 1248 1256 1274 1284 1306 1314 1326 1334 1346 1360 1372 1386 1387 1388 1398 1410 1420 1432 1446 1456 1457 1458 1468 1480 1490 1502 1503 1504 1514 1524 1536 1548 1558 1570 1571 1572 1582 1592 1602 1614 1624 1634 1635 ];
line_seg(9).a = [926 927 928 929 930 931 932 933 934 935 936 937 938 909 898 899 900 901 883 868 869 870 871 859 848 849 850 851 833 820 821 822 823 806 794 795 796 797 770 760 761 732 723 714 706 707 696 688 689 674 664 665 640 631 612 601 602 581 571 572 551 542 519 509 510 489 482 469 461 462 447 439 440 425 418 403 395 396 381 371 372 373 374 375 382 397 404 419 426 441 448 463 470 483 490 511 520 543 552 573 582 603 613 632 641 667 666 675 690 697 708 715 725 724 733 762 771 798 807 825 824 834 852 860 873 872 884 902 910 940 939 948 965 970 978 977 986 996 995 1002 1010 1009 1016 1024 1023 1032 1040 1039 1046 1056 1055 1054 1053 1064 1076 1075 1074 1073 1082 1090 1089 1096 1104 1103 1110 1120 1119 1118 1117 1130 1136 1135 1144 1152 1151 1160 1168 1167 1178 1186 1185 1194 1203 1202 1224 1237 1236 1252 1265 1264 1278 1297 1296 1295 1294 1293 1292 1291 1290 1289 1277 1263 1251 1235 1234 1233 1232 1250 1261 1260 1259 1258 1276 1287 1286 1308 1317 1316 1328 1337 1336 1348 1363 1362 1374 1390 1400 1412 1422 1435 1434 1448 1460 1470 1482 1492 1506 1516 1527 1526 1538 1550 1560 1574 1584 1594 1604 1616 1626 1638 1661 1677 1697 1710 1728 1742 1760 1776 ];
line_seg(10).a = [926 947 963 962 961 960 959 958 957 946 925 924 923 922 921 920 919 907 893 881 865 857 843 831 817 804 789 768 755 730 721 712 701 694 684 685 672 658 659 638 627 609 595 596 579 566 549 537 538 517 505 506 487 477 478 467 457 458 445 434 423 413 414 401 391 392 379 366 357 351 352 341 334 323 318 305 298 287 282 281 280 267 260 259 258 257 256 255 266 278 277 276 275 286 296 295 304 316 315 314 313 322 332 331 340 348 347 356 364 363 378 389 400 410 409 422 432 431 444 454 453 466 475 486 502 501 516 534 533 548 564 563 578 592 591 608 625 624 637 655 654 653 652 651 650 649 636 623 622 621 607 590 589 588 577 562 561 560 547 532 531 530 515 500 499 498 497 496 495 514 528 527 526 525 546 558 557 556 555 576 586 585 606 619 618 617 616 635 647 646 671 681 680 693 700 711 720 729 754 767 788 803 816 830 842 856 864 880 892 906 918 945 956 969 976 985 994 1001 1008 1015 1022 1031 1038 1045 1052 1063 1072 1081 1088 1095 1102 1109 1116 1129 1134 1143 1150 1159 1166 1177 1184 1193 1201 1223 1231 1249 1257 1275 1285 1307 1315 1327 1335 1347 1361 1373 1389 1399 1411 1421 1433 1447 1459 1469 1481 1491 1505 1515 1525 1537 1549 1559 1573 1583 1593 1603 1615 1625 1637 1660 1676 1696 1709 1727 1741 1759 1775 1790 1809 1820 1842 1841 1854 1871 1884 1902 1901 1916 1935 1934 ];
line_seg(11).a = [1190 1189 1188 1195 1208 1207 1206 1205 1225 1242 1241 1240 1239 1253 1270 1269 1268 1267 1279 1302 1301 1300 1299 1309 1322 1321 1320 1319 1329 1342 1341 1340 1339 1349 1366 1365 1375 1392 1391 1401 1414 1413 1423 1440 1439 1438 1437 1449 1462 1461 1471 1484 1483 1493 1508 1507 1517 1530 1529 1539 1552 1551 1561 1576 1575 1585 1596 1595 1605 1618 1617 1627 1648 1647 1646 1645 1644 1643 1642 1641 1640 1639 1662 1685 1684 1683 1682 1681 1680 ];
line_seg(12).a = [1190 1196 1210 1211 1212 1213 1214 1215 1216 1217 1218 1219 1220 1226 1244 1245 1246 1254 1272 1280 1304 1310 1324 1330 1344 1350 1368 1376 1394 1402 1416 1424 1442 1450 1464 1472 1486 1494 1510 1518 1532 1540 1554 1562 1578 1586 1598 1606 1620 1628 1654 1665 1691 1702 1722 1732 1754 1764 1785 1794 1815 1824 1849 1858 1879 1888 1911 1920 1942 1950 1972 1980 2014 2022 2054 2060 2072 2078 2096 2102 2120 2124 2130 2134 2142 2146 2156 2160 2182 2186 2194 2198 2206 2210 2227 2232 2251 2256 2277 2282 2347 ];
line_seg(13).a = [1635 1636 1659 1674 ];
line_seg(14).a = [1635 1658 1673 1674 ];
line_seg(15).a = [1674 1675 1695 1708 1726 1738 1739 1740 1758 1774 1789 1808 1819 1838 1839 1840 1853 1870 1883 1898 1899 1900 1915 1934 ];
line_seg(16).a = [1680 1679 1678 1698 1715 ];
line_seg(17).a = [1680 1699 1716 1715 ];
line_seg(18).a = [1715 1714 1713 1712 1711 1729 1748 1747 1746 1745 1744 1743 1761 1779 1778 1777 1776 ];
