line_seg = [];
island_line_seg = [];
island_line_seg(1).a = [0 1 2 3 4 5 6 7 9 19 20 21 22 23 24 25 27 33 35 39 41 45 47 49 51 55 57 61 63 67 69 71 73 75 77 79 81 83 85 87 89 91 93 96 95 99 102 101 105 110 109 108 107 113 115 117 128 127 131 138 137 141 148 147 146 145 144 143 142 140 136 135 134 133 132 130 126 125 124 123 122 121 120 119 118 116 114 112 106 104 100 98 94 92 90 88 86 84 82 80 78 76 74 72 70 68 65 66 62 59 60 56 53 54 50 48 46 43 44 40 37 38 34 29 30 31 32 26 11 12 13 14 15 16 17 18 8 0 0 ];
