line_seg = [];
line_seg(1).a = [622 621 620 632 638 637 650 656 655 678 684 683 716 722 721 748 754 753 774 780 779 794 801 800 828 835 834 852 859 858 876 883 882 896 903 902 918 925 924 942 949 948 970 978 977 993 1000 999 1017 1026 1025 1024 1023 1036 1042 1041 1050 1056 1055 1062 1068 1067 1076 1082 1081 1100 1106 1105 1116 1122 1121 1132 1138 1137 1156 1164 1163 1176 1184 1183 1196 1204 1203 1218 1226 1225 1242 1249 1274 1280 1279 1286 1292 1291 1300 1306 1305 1312 1318 1317 1324 1329 1336 1342 1341 1350 1356 1355 1362 1368 1367 1380 1386 1408 1417 1416 1430 1439 1454 1464 1463 1481 1492 1491 1527 1538 1579 1591 1590 1632 1641 1664 1674 1673 1692 1701 1722 1731 1730 1746 1754 1766 1775 1774 1788 1796 1812 1820 1837 1847 1846 1865 1875 1874 1891 1900 1922 1930 1944 1953 1952 1968 1976 1994 2003 2002 2038 2045 2053 2059 2070 2078 2077 2094 2101 2108 2115 2133 2140 2149 2157 2156 2171 2178 2207 2217 2243 2254 2253 2297 2306 2355 2370 2369 2401 2415 2453 2468 2505 2521 2554 2571 2611 2626 2625 2661 2675 2701 2715 2751 2765 2795 2809 2835 2850 2871 2886 2923 2941 2973 2993 3033 3051 3085 3104 3134 3153 3152 3187 3204 3231 3248 3279 3296 3335 3352 3382 3398 3397 3421 3437 3469 3487 3518 3535 3564 3581 3599 3615 3641 3657 3679 3695 3725 3741 3759 3775 3807 3824 3849 3866 3894 3910 3937 3951 3982 3997 4018 4033 4056 4070 4092 4106 4126 4140 4174 4189 4219 4232 4249 4261 4277 4289 4307 4319 4337 4350 4368 4380 4400 4412 4444 4457 4479 4491 4492 4493 4517 4529 4530 4531 4549 4561 4589 4601 4602 4603 4638 4650 4651 4652 4653 4654 4691 4704 4705 4706 4707 4708 4709 ];
line_seg(2).a = [622 633 640 651 658 679 686 717 724 749 756 775 782 795 803 829 837 853 861 877 885 897 905 919 927 943 951 971 980 994 1002 1018 1028 1037 1044 1051 1058 1063 1070 1077 1084 1101 1108 1117 1124 1133 1140 1157 1166 1177 1186 1197 1206 1219 1228 1243 1250 1275 1282 1287 1294 1301 1308 1313 1320 1325 1330 1337 1344 1351 1358 1363 1370 1381 1399 1411 1423 1433 1446 1457 1472 1484 1498 1530 1545 1582 1597 1635 1646 1667 1680 1695 1706 1725 1735 1749 1759 1769 1779 1791 1801 1815 1825 1840 1851 1868 1881 1894 1907 ];
line_seg(3).a = [622 616 605 606 600 587 588 582 571 572 566 555 556 557 558 550 541 542 536 523 524 518 507 508 502 491 492 486 475 476 477 478 470 461 462 456 445 446 440 431 432 433 434 426 417 418 419 420 412 403 404 398 389 390 391 392 384 375 376 377 378 370 359 360 361 362 354 347 348 342 329 330 331 332 333 334 324 313 314 315 316 306 287 288 289 290 280 257 258 259 260 261 262 263 264 250 227 228 229 230 231 232 233 234 222 207 208 209 210 211 212 213 214 215 216 217 218 202 187 188 189 190 191 192 193 194 195 196 197 198 199 203 219 223 235 236 237 251 265 281 291 292 293 307 317 318 308 294 282 267 268 252 238 224 220 204 200 184 182 180 178 176 173 174 170 167 168 164 161 162 158 155 156 152 147 148 149 150 144 139 140 141 142 136 133 134 130 125 126 127 128 122 119 120 116 111 112 113 114 108 103 104 105 106 100 95 96 97 98 92 85 86 87 88 89 90 82 75 76 77 78 79 80 72 61 62 63 64 65 66 67 68 58 39 40 41 42 43 44 45 46 34 15 16 17 18 19 20 21 22 23 24 25 26 12 1 2 3 4 5 6 7 8 9 10 11 13 27 28 29 35 47 48 49 50 51 52 36 31 32 33 37 53 54 55 56 57 59 69 70 71 73 81 83 91 93 99 101 107 109 115 117 121 123 129 131 135 137 143 145 151 153 157 159 163 165 169 171 175 177 179 181 183 185 201 205 221 225 249 255 279 285 305 311 323 327 341 345 353 357 369 373 383 387 397 401 411 415 425 429 439 443 455 459 469 473 485 489 501 505 517 521 535 539 549 553 565 569 581 585 599 603 615 619 631 636 648 647 654 676 675 682 715 720 746 745 744 743 742 741 752 772 771 770 769 768 767 766 765 778 793 ];
line_seg(4).a = [793 792 791 790 789 788 787 798 819 818 817 816 815 814 813 812 811 810 832 849 848 847 846 845 844 856 871 870 869 868 880 893 892 891 890 900 915 914 913 912 911 910 922 939 938 937 936 935 934 933 932 946 967 966 965 964 963 962 961 960 959 958 ];
line_seg(5).a = [793 799 821 822 823 824 825 826 827 833 851 857 873 874 875 881 895 901 917 923 941 947 969 976 992 998 1016 1022 1035 1040 1049 1054 1061 1066 1075 1080 1099 1104 1115 1120 1131 1136 1155 1162 1175 1182 1195 1202 1217 1224 1241 1248 1273 1278 1285 1290 1299 1304 1311 1316 1323 1328 1335 1340 1349 1354 1361 1366 1379 ];
line_seg(6).a = [958 957 956 974 989 ];
line_seg(7).a = [958 975 990 989 ];
line_seg(8).a = [989 988 987 986 985 997 1014 1013 1012 1011 1010 1009 1008 1007 1006 1005 1021 1033 1032 1031 1030 ];
line_seg(9).a = [1030 1039 1048 1053 1060 1065 1074 1079 1098 1103 1114 1119 1130 1135 1146 1159 1168 1179 1188 1199 1208 1209 1210 1221 1230 1231 1232 1233 1234 1245 1252 1253 1254 1255 1256 1257 1258 1259 1260 1261 1262 1263 1264 1265 1266 1267 1268 1269 1270 1271 1246 1236 1237 1238 1239 1222 1212 1213 1214 1215 1200 1190 1191 1192 1193 1180 1170 1171 1172 1173 1160 1148 1149 1150 1151 1152 1153 1154 1161 1174 1181 1194 1201 1216 1223 1240 1247 1272 1277 1284 1289 1297 1296 1303 1310 1315 1322 1327 1334 1339 1347 1346 1353 1360 1365 1375 1374 1383 1403 1413 1425 1435 1450 1459 1476 ];
line_seg(10).a = [1030 1020 1004 996 984 973 955 945 931 921 909 899 889 879 866 867 855 843 831 808 809 797 786 777 763 764 751 739 740 719 713 714 681 673 674 653 645 646 635 629 630 618 611 612 613 614 602 595 596 597 598 584 577 578 579 580 568 561 562 563 564 552 547 548 538 531 532 533 534 520 513 514 515 516 504 497 498 499 500 488 483 484 472 467 468 458 453 454 442 438 428 423 424 414 409 410 400 396 386 382 372 368 356 352 344 340 326 322 310 304 284 278 277 276 275 274 254 248 247 246 245 244 243 242 241 240 239 253 272 271 270 269 283 302 301 300 299 298 297 296 295 309 320 319 325 338 337 336 335 343 350 349 355 366 365 364 363 371 380 379 385 394 393 399 406 405 413 421 427 436 435 441 450 449 448 447 457 464 463 471 480 479 487 494 493 503 510 509 519 528 527 526 525 537 544 543 551 559 567 574 573 583 592 591 590 589 601 608 607 617 626 625 624 623 634 642 641 652 670 669 668 667 666 665 664 663 662 661 660 659 680 710 709 708 707 706 705 704 703 702 701 700 699 698 697 696 695 694 693 692 691 690 689 688 687 718 736 735 734 733 732 731 730 729 728 727 726 725 750 760 759 758 757 776 784 783 796 805 804 830 841 840 839 838 854 863 862 878 887 886 898 907 906 920 929 928 944 953 952 972 982 981 995 1003 1019 1029 1038 1045 1046 1047 1052 1059 1064 1071 1072 1073 1078 1085 1086 1087 1088 1089 1090 1091 1092 1093 1094 1095 1096 1097 1102 1109 1110 1111 1112 1113 1118 1125 1126 1127 1128 1129 1134 1141 1142 1143 1144 1145 1158 1167 1178 1187 1198 1207 1220 1229 1244 1251 1276 1283 1288 1295 1302 1309 1314 1321 1326 1332 1331 1338 1345 1352 1359 1364 1372 1371 1382 1401 1400 1412 1424 1434 1448 1447 1458 1473 1485 1500 1499 1531 1547 1546 1583 1599 1598 1636 1648 1647 1668 1682 1681 1696 1708 1707 1726 1737 1736 1750 1760 1770 1781 1780 1792 1803 1802 1816 1827 1826 1841 1852 1869 1883 1882 1895 1908 1907 ];
line_seg(11).a = [1379 1378 1377 1384 1405 1404 1414 1428 ];
line_seg(12).a = [1379 1385 1407 1415 1429 1438 1453 1462 1480 1490 1526 1537 1578 1589 1631 ];
line_seg(13).a = [1428 1427 1426 1436 1451 1460 1478 1488 1524 1525 ];
line_seg(14).a = [1428 1437 1452 1461 1479 1489 1525 ];
line_seg(15).a = [1476 1477 1487 1521 1522 1523 1535 1570 1571 1572 1573 1574 1575 1576 1587 1616 1617 1618 1619 1620 1621 1622 1623 1624 1625 1626 1627 1628 1629 ];
line_seg(16).a = [1476 1475 1474 1486 1519 1518 1517 1516 1534 1568 1567 1566 1565 1586 1614 1613 1612 1611 1639 1661 1660 1659 1658 1671 1690 1699 1720 ];
line_seg(17).a = [1525 1536 1577 1588 1629 ];
line_seg(18).a = [1629 1630 1631 ];
line_seg(19).a = [1631 1640 1663 1672 1691 1700 1721 1729 1745 1753 1765 1773 1787 1795 1811 1819 1836 1845 1864 1873 1890 1899 1921 1929 1943 1951 1967 1975 1993 2001 2037 ];
