line_seg = [];
line_seg(1).a = [255 256 257 246 235 236 224 215 216 217 218 219 225 237 238 239 240 241 247 258 263 272 277 284 289 298 303 316 321 334 339 356 361 370 375 386 391 406 411 424 429 442 447 464 469 492 497 522 527 546 551 570 575 592 597 614 620 636 642 660 666 680 686 699 704 717 722 737 742 755 761 777 783 804 809 832 837 878 888 918 926 950 958 978 986 1004 1012 1027 1034 1049 1056 1069 1076 1093 1100 1117 1124 1141 1148 1167 1174 1197 1204 1222 1221 1230 1241 1248 1265 1272 1289 1296 1307 1314 1327 1334 1343 1351 1361 1369 1381 1389 1401 1409 1429 1437 1451 1459 1482 1493 1525 1533 1547 1553 1565 1571 1581 1587 1613 1621 1642 1649 1669 1677 1704 1703 1711 1726 1725 1733 1750 1749 1748 1747 1759 1784 1783 1782 1781 1780 1779 1778 1777 1776 1775 1793 1805 1813 1828 ];
line_seg(2).a = [255 262 271 276 283 288 297 302 315 320 332 331 338 355 360 369 374 385 390 405 410 423 428 441 446 463 468 491 496 520 519 526 545 550 569 574 591 596 613 ];
line_seg(3).a = [255 245 233 223 213 205 203 199 197 193 191 185 183 179 177 171 169 165 163 155 153 149 147 143 141 133 131 127 125 117 115 109 107 101 99 95 93 81 79 73 71 65 63 62 61 55 53 52 51 47 45 39 37 36 35 34 33 32 31 30 29 21 19 18 17 16 15 14 13 12 11 10 9 8 7 6 5 4 3 2 1 0 20 27 26 25 24 23 22 38 43 42 41 40 46 49 48 54 59 58 57 56 64 69 68 67 66 72 77 76 75 74 80 91 90 89 88 87 86 85 84 83 82 94 97 96 100 105 104 103 102 108 113 112 111 110 116 123 122 121 120 119 118 126 129 128 132 139 138 137 136 135 134 142 145 144 148 151 150 154 161 160 159 158 157 156 164 167 166 170 175 174 173 172 178 181 180 184 189 188 187 186 192 195 194 198 201 200 204 207 206 220 227 226 242 249 248 259 265 264 273 278 285 291 290 299 305 304 317 323 322 335 343 342 341 340 357 363 362 371 377 376 387 393 392 407 412 425 431 430 443 449 448 465 471 470 493 499 498 523 529 528 547 553 552 571 577 576 593 598 615 622 621 637 643 661 668 667 681 688 687 700 706 705 718 723 738 744 743 756 763 762 778 784 805 811 810 833 838 879 889 919 927 951 960 959 979 988 987 1005 1013 1028 1036 1035 1050 1057 1070 1077 1094 1101 1118 1126 1125 1142 1149 1168 1176 1175 1198 1205 1224 1231 1242 1249 1266 1273 1290 1297 1308 1316 1315 1328 1335 1344 1352 1362 1370 1382 1390 1402 1410 1430 1438 1452 1460 1483 1494 1526 1534 1548 1554 1566 1572 1582 1588 1614 1622 1643 1650 1670 1678 1706 1712 1728 1734 1752 1760 1786 1794 1806 1815 1814 1832 1841 1840 1852 1863 1862 1861 1860 1877 1889 1888 1887 1886 1933 1945 1944 1975 1985 1984 2011 2020 2043 2053 2052 2073 2083 2082 2099 2108 2125 2135 2134 2151 2161 2160 2181 2190 2216 2227 2226 2254 2267 2303 2315 2343 2354 2353 2373 2383 2403 2413 2430 2442 2441 2472 2481 2504 2513 2572 2582 2604 2614 2640 2651 2650 2680 2689 2724 2731 2752 2761 2783 2793 2813 2823 2842 2853 2872 2882 2900 2910 2932 2942 2960 2970 2992 3003 3033 3045 3075 3087 3115 3125 3151 3161 3195 3203 3219 3227 3241 3249 3263 3270 3285 3292 3305 3312 3327 3334 3347 3354 3369 3376 3393 3400 3421 3428 3455 3463 3497 3504 3519 3527 3555 3563 3581 3589 3603 3611 3629 3638 3668 3678 3705 3714 3745 3755 3781 3789 3805 3811 3825 3831 3841 3847 3865 3870 3871 3872 3887 3894 3895 3896 3917 3927 3928 3929 3969 3976 3977 3978 3979 3980 3999 4006 4007 4008 4009 4010 4011 4012 4033 4040 4041 4042 4043 4044 4045 4046 4047 4048 4066 4072 4073 4074 4075 4076 4077 4078 4079 4080 4081 4082 4083 4084 4114 4120 4121 4122 4123 4124 4125 4126 4127 4128 4129 4130 4131 4132 4133 4134 4135 4136 4137 4138 4139 4140 4141 4142 4143 4144 4145 4146 4147 4115 4086 4087 4088 4089 4090 4091 4092 4093 4094 4095 4096 4097 4098 4099 4100 4101 4102 4103 4104 4105 4106 4107 4108 4109 4067 4050 4051 4052 4053 4054 4055 4056 4057 4034 4014 4015 4016 4017 4018 4019 4020 4021 4022 4023 4024 4025 4026 4027 4000 3982 3983 3984 3985 3986 3987 3988 3989 3970 3931 3932 3933 3934 3935 3936 3937 3938 3918 3898 3899 3900 3901 3888 3874 3875 3876 3877 3878 3879 3866 3849 3850 3851 3852 3842 3833 3834 3835 3836 3826 3813 3814 3815 3816 3817 3818 3806 3791 3792 3793 3794 3782 3763 3764 3765 3766 3748 3724 3725 3726 3727 3728 3729 3708 3682 3683 3671 3644 3645 3632 3617 3618 3606 3593 3594 3584 3567 3568 3558 3531 3532 3533 3534 3522 3507 3500 3479 3480 3481 3482 ];
line_seg(4).a = [613 612 611 618 633 632 640 655 654 664 676 684 696 ];
line_seg(5).a = [613 619 635 641 658 657 665 678 677 685 697 696 ];
line_seg(6).a = [696 703 715 714 721 735 734 741 754 ];
line_seg(7).a = [754 753 752 759 774 773 781 797 ];
line_seg(8).a = [754 760 776 782 802 801 800 799 798 797 ];
line_seg(9).a = [797 796 795 794 793 808 830 829 828 827 826 825 824 823 822 821 836 872 871 870 869 ];
line_seg(10).a = [857 858 859 860 861 ];
line_seg(11).a = [857 856 855 854 853 852 851 850 849 848 847 882 897 896 922 939 938 937 936 935 934 954 967 966 982 996 1008 1018 ];
line_seg(12).a = [857 883 902 901 900 899 923 946 945 944 943 942 941 955 972 971 970 969 983 1000 999 998 997 1009 1019 1018 ];
line_seg(13).a = [861 862 863 864 865 866 867 868 869 ];
line_seg(14).a = [861 884 904 905 906 907 908 909 910 911 885 869 ];
line_seg(15).a = [1018 1031 1043 1042 1053 1063 1062 1073 1083 1082 1097 1109 1108 1121 1132 1145 1155 1154 1171 1183 1182 1201 1211 1210 1227 1234 1245 1255 1254 1269 1281 1280 1293 1301 1300 1311 1323 1322 1331 1340 ];
line_seg(16).a = [1340 1339 1338 1347 1356 1355 1365 1376 1375 1385 1394 1393 1405 1416 1415 1433 1441 1455 1465 1486 1499 ];
line_seg(17).a = [1340 1348 1358 1366 1378 1386 1396 1406 1418 1434 1442 1443 1444 1456 1472 ];
line_seg(18).a = [1472 1473 1490 1514 1515 1516 1530 1544 1552 1562 1563 1564 1570 1578 1579 1580 1586 1594 1595 1596 1597 1598 1599 1600 1618 1628 1629 1630 1631 1632 1633 ];
line_seg(19).a = [1472 1471 1470 1489 1512 1511 1510 1509 1508 1488 1469 1468 1467 1466 1487 1506 1505 1504 1503 1502 1501 1500 1499 ];
line_seg(20).a = [1499 1498 1497 1529 1542 1541 1540 1539 1538 1537 1551 1560 1559 1569 1576 1575 1585 1592 1591 1617 1626 1625 1646 1654 1653 1673 1684 1683 1709 1718 1717 1731 1738 1737 1755 1764 1763 1789 1797 1809 1821 ];
line_seg(21).a = [1633 1634 1647 1656 1657 1658 1659 1660 1674 1686 1687 1688 1689 1690 1691 1692 1693 1694 1695 1696 1697 1675 1661 ];
line_seg(22).a = [1633 1619 1602 1603 1604 1605 1606 1607 1608 1609 1610 1611 1612 1620 1635 1636 1637 1638 1639 1640 1641 1648 1661 ];
line_seg(23).a = [1661 1662 1663 1664 1665 1666 1667 1668 1676 1698 1699 1700 1701 1702 1710 1720 1721 1722 1723 1724 1732 1742 1743 1744 1745 1746 1758 1772 1773 1774 1792 1800 1801 1802 1803 1804 1812 1827 1828 ];
line_seg(24).a = [1821 1822 1836 1848 1856 1868 1881 1894 1937 1950 1979 1990 2015 2026 2027 2028 2047 2058 2077 2088 2103 2114 2129 2140 2155 2168 2185 2201 2221 2237 2259 2280 2308 2322 ];
line_seg(25).a = [1821 1820 1819 1835 1846 1845 1855 1867 1880 1893 1936 1949 1978 1989 2014 2025 2046 2057 2076 2087 2102 2113 2128 2139 2154 2167 2184 2198 2199 2200 2220 2234 2235 2236 2258 2273 2274 2275 2276 2277 2278 2279 2307 2321 2322 ];
line_seg(26).a = [1828 1829 1830 1831 1839 1851 1859 1875 ];
line_seg(27).a = [1875 1876 1885 1932 1943 1974 1983 2010 2019 2042 2051 2072 2081 2098 2107 2124 2133 2150 2159 2180 2189 2215 2225 2253 2266 2302 2314 2342 2352 2372 2382 2402 2412 2429 2440 2471 2480 2502 2501 2512 2571 2581 2603 2613 2639 2649 2678 2677 2688 2723 2730 2751 2760 2781 2780 2792 2812 2822 2841 2852 2870 2869 2881 2899 2909 2930 2929 2941 2959 2969 2990 2989 3002 3027 3026 3042 3065 3064 3084 3110 3122 3145 3144 3143 3142 3158 3190 3200 3213 3212 3224 3235 3234 3246 3254 3255 ];
line_seg(28).a = [1875 1874 1873 1884 1930 1929 1928 1927 1926 1925 1942 1972 1971 1970 1969 1982 2008 2007 2006 2005 2018 2040 2039 2050 2070 2069 2068 2067 2080 2096 2095 2094 2093 2106 2122 2121 2120 2119 2132 2148 2147 2146 2145 2158 2178 2177 2176 2175 2174 2173 2188 2213 2212 2211 2210 2209 2208 2207 2206 2205 2204 2224 2249 2248 2247 2246 2245 2244 ];
